1.49e-03 (3.87) 3.85e-04 (9.41) 4.09e-05 (24.94) 1.64e-06
3632.92 938.74 99.76 4

18   19   20   21     22
0.4  0.2  0.1  0.05  0.025

noma
18 5.31 4.16 3.30 2.22
19 5.15 4.12 3.17 2.11
20 5.08 4.06 3.09 2.04
21 5.02 4.03 3.05 2.02
22 5.00 4.00 3.01 2.01

c
18 5.33 0.98 0.37 0.19
19 5.18 0.50 0.20 0.09
20 5.07 0.24 0.11 0.05
21 5.04 0.12 0.02 0.02
22 5.00 0.06 0.008 0.002

      2      3      4      
1.8 3.09 1.79 1.60  
1.9 2.52 1.43 1.33
2.0 2.43 1.36 1.22
2.1 2.30 1.22 1.17
2.2 2.09 1.16 1.08